$CV1,34,4017,1,0,-60.4,-20.8,136.5,-0.155416,0.029989,-1.477925*13
$CV1,35,4142,0,-1,0.0,0.0,0.0,0.000000,0.000000,0.000000*3D
$CV1,36,4260,0,-1,0.0,0.0,0.0,0.000000,0.000000,0.000000*3D
$CV1,37,4378,0,-1,0.0,0.0,0.0,0.000000,0.000000,0.000000*34
$CV1,38,4494,0,-1,0.0,0.0,0.0,0.000000,0.000000,0.000000*3E
$CV1,39,4604,1,0,-54.8,-20.8,134.9,-0.129601,0.002938,-1.482762*14
$CV1,40,4725,1,0,-53.3,-18.9,132.7,-0.142299,0.025843,-1.482491*19
$CV1,41,4850,1,0,-51.7,-18.1,130.8,-0.147687,0.023086,-1.482750*11
$CV1,42,4972,1,0,-50.1,-17.5,129.1,-0.150258,0.016051,-1.482400*14
$CV1,43,5096,1,0,-49.1,-17.1,128.2,-0.158261,0.018613,-1.477991*1A
